0 0.380763 0.260832 0.199957 0.222125
0 0.739143 0.555391 0.195478 0.213616
0 0.520991 0.394397 0.175886 0.191001
0 0.882842 0.522362 0.191112 0.208242
0 0.770995 0.471646 0.138492 0.137484
0 0.269756 0.221423 0.147449 0.154502
0 0.187914 0.149826 0.181484 0.201637
0 0.680980 0.482675 0.127520 0.151703
0 0.947887 0.566753 0.104227 0.195591
0 0.581617 0.400498 0.121362 0.154614
0 0.421404 0.322968 0.131214 0.167490
0 0.506098 0.062065 0.188649 0.124129
0 0.929860 0.193261 0.140280 0.110502
0 0.684504 0.081136 0.146665 0.132558
0 0.956954 0.285682 0.086092 0.192344
0 0.907582 0.212126 0.138492 0.137484
0 0.411997 0.010004 0.142858 0.020009
0 0.307204 0.008326 0.178013 0.016651
0 0.849531 0.159842 0.101658 0.099643
0 0.732702 0.116011 0.105576 0.121699
0 0.575288 0.047566 0.109831 0.095132