0 0.865247 0.362267 0.095638 0.097674
0 0.636503 0.392867 0.065027 0.079276
0 0.525553 0.423460 0.072164 0.080307
0 0.755290 0.374501 0.068755 0.072826
0 0.582654 0.415215 0.056515 0.068729
0 0.303432 0.449460 0.056859 0.071108
0 0.184670 0.484824 0.061961 0.074174
0 0.027461 0.529596 0.054923 0.078246
0 0.259112 0.478933 0.055828 0.063971
0 0.340837 0.456203 0.050726 0.060904
0 0.395717 0.440992 0.046973 0.051044
0 0.950726 0.348711 0.037456 0.049670
0 0.671688 0.392644 0.040179 0.052393
0 0.709252 0.392078 0.037800 0.052049
0 0.809780 0.014200 0.095956 0.028401
0 0.581036 0.027280 0.066719 0.054560
0 0.469374 0.028387 0.071795 0.056774
0 0.699823 0.017674 0.071134 0.035348
0 0.526130 0.021370 0.056833 0.042741
0 0.248282 0.059104 0.057864 0.061935
0 0.125742 0.068297 0.060217 0.045968
0 0.198810 0.052889 0.054085 0.035764
0 0.282768 0.045624 0.050701 0.044594
0 0.336471 0.039084 0.048665 0.046629
0 0.615349 0.014328 0.040179 0.028656
0 0.650865 0.010562 0.039836 0.021124