0 0.799279 0.320913 0.069712 0.079327
0 0.265625 0.308894 0.064904 0.084135
0 0.503606 0.508413 0.060096 0.079327
0 0.320913 0.322115 0.050481 0.067308
0 0.031250 0.269231 0.057692 0.129808
0 0.657452 0.323317 0.060096 0.064904
0 0.120192 0.311298 0.062500 0.069712
0 0.957933 0.372596 0.040865 0.052885
0 0.385817 0.350962 0.045673 0.067308
0 0.598558 0.338942 0.038462 0.052885
0 0.800481 0.026442 0.072115 0.052885
0 0.266827 0.033654 0.067308 0.067308
0 0.322115 0.022837 0.052885 0.045673
0 0.030048 0.064904 0.060096 0.129808
0 0.658654 0.021635 0.062500 0.043269
0 0.118990 0.028846 0.064904 0.057692
0 0.387019 0.008413 0.048077 0.016827
0 0.597356 0.010817 0.040865 0.021635