0 0.179994 0.396439 0.183169 0.215493
0 0.822161 0.393207 0.053873 0.066803
0 0.671317 0.396439 0.040944 0.064648
0 0.071170 0.391052 0.030169 0.053873
0 0.314676 0.411524 0.038789 0.056028
0 0.355620 0.400749 0.030169 0.038789
0 0.383634 0.409369 0.025859 0.034479
0 0.407338 0.394284 0.025859 0.038789
0 0.448282 0.402904 0.034479 0.047408
0 0.507542 0.398594 0.023704 0.030169
0 0.552796 0.399671 0.032324 0.040944
0 0.598049 0.410446 0.023704 0.028014
0 0.633605 0.409369 0.034479 0.043099
0 0.709028 0.419066 0.030169 0.036634
0 0.743507 0.415833 0.025859 0.030169
0 0.876035 0.402904 0.032324 0.043099
0 0.178916 0.082897 0.185324 0.062493