0 0.153324 0.177169 0.092957 0.097404
0 0.890403 0.672823 0.096215 0.097486
0 0.459714 0.387074 0.080233 0.083410
0 0.778583 0.617099 0.072919 0.077366
0 0.671495 0.554418 0.050812 0.052718
0 0.916468 0.737076 0.064252 0.069334
0 0.804770 0.668351 0.072837 0.074108
0 0.720465 0.593549 0.062900 0.067347
0 0.614892 0.511547 0.067510 0.069416
0 0.587784 0.487290 0.054151 0.056057
0 0.529153 0.447400 0.061548 0.065359
0 0.499577 0.437454 0.048824 0.051366
0 0.370391 0.349563 0.075542 0.078083
0 0.401360 0.353188 0.058925 0.064643
0 0.331000 0.319856 0.053516 0.056693
0 0.275277 0.254324 0.074189 0.076095