0 0.721154 0.548077 0.052885 0.081731
0 0.501202 0.557692 0.045673 0.057692
0 0.957933 0.527644 0.050481 0.069712
0 0.762019 0.562500 0.043269 0.062500
0 0.849760 0.545673 0.055288 0.057692
0 0.918269 0.549279 0.038462 0.050481
0 0.604567 0.537260 0.031250 0.040865
0 0.546875 0.550481 0.036058 0.052885
0 0.430288 0.542067 0.043269 0.045673
0 0.314904 0.542067 0.043269 0.055288
0 0.228365 0.550481 0.038462 0.043269
0 0.164663 0.534856 0.031250 0.040865
0 0.036058 0.542067 0.043269 0.055288
0 0.090144 0.561298 0.040865 0.050481
0 0.580529 0.549279 0.016827 0.031250