0 0.149043 0.421145 0.110577 0.117788
0 0.719956 0.368260 0.050481 0.055288
0 0.292072 0.352635 0.050481 0.062500
0 0.759620 0.362251 0.038462 0.038462
0 0.165870 0.370664 0.076923 0.079327
0 0.257216 0.363452 0.052885 0.064904
0 0.997598 0.452395 0.004803 0.093750
0 0.426687 0.334606 0.031250 0.040865
0 0.530052 0.341818 0.036058 0.045673
0 0.604572 0.347827 0.036058 0.048077
0 0.890629 0.400712 0.069712 0.081731
0 0.150245 0.047712 0.112981 0.095424
0 0.719956 0.089414 0.050481 0.055288
0 0.292072 0.102635 0.050481 0.062500
0 0.759620 0.093020 0.038462 0.038462
0 0.165870 0.087010 0.076923 0.079327
0 0.257216 0.094222 0.052885 0.064904
0 0.996396 0.026077 0.007207 0.052154
0 0.996396 0.965616 0.007207 0.019231
0 0.426687 0.123068 0.031250 0.040865
0 0.530052 0.115856 0.036058 0.045673
0 0.604572 0.107443 0.036058 0.048077
0 0.890629 0.054558 0.069712 0.081731