0 0.871508 0.374107 0.081460 0.088866
0 0.460504 0.413603 0.069118 0.093803
0 0.235872 0.404963 0.078992 0.106145
0 0.026602 0.469144 0.053204 0.091334
0 0.175394 0.396323 0.066649 0.083929
0 0.754254 0.356828 0.098740 0.113550
0 0.558009 0.403729 0.096271 0.113550
0 0.952968 0.401260 0.056775 0.069118
0 0.708587 0.386450 0.061712 0.098740
0 0.345719 0.387684 0.091334 0.116019
0 0.069249 0.432117 0.046901 0.086397
0 0.871508 0.043881 0.081460 0.087762
0 0.461738 0.026602 0.071586 0.053204
0 0.237106 0.034007 0.081460 0.068015
0 0.174160 0.032773 0.069118 0.065546
0 0.754254 0.060609 0.098740 0.113550
0 0.556775 0.036476 0.098740 0.072951
0 0.951733 0.026602 0.059244 0.053204
0 0.707353 0.041413 0.064181 0.082825
0 0.344485 0.045115 0.093803 0.090231
0 0.068015 0.015494 0.049370 0.030987