0 0.200682 0.423252 0.059693 0.071632
0 0.347356 0.429221 0.056282 0.069926
0 0.685049 0.488914 0.073337 0.083570
0 0.436043 0.432632 0.052871 0.076748
0 0.751564 0.424957 0.097214 0.143263
0 0.541785 0.437749 0.066515 0.080159
0 0.617681 0.494031 0.075043 0.090392
0 0.467595 0.436896 0.034110 0.057988
0 0.818079 0.431779 0.066515 0.153496
0 0.385730 0.463331 0.030699 0.046049
0 0.275725 0.460773 0.018761 0.023877
0 0.201535 0.152927 0.061399 0.015350
0 0.752416 0.169983 0.098920 0.049460
0 0.818932 0.169130 0.068221 0.047754