0 0.156464 0.798918 0.105609 0.099169
0 0.183773 0.677668 0.103555 0.097920
0 0.160665 0.611569 0.095256 0.086402
0 0.254255 0.575638 0.102306 0.095866
0 0.265745 0.515104 0.099808 0.091758
0 0.257764 0.435696 0.075522 0.073107
0 0.346817 0.434986 0.092037 0.089622
0 0.315369 0.384916 0.084543 0.077298
0 0.373626 0.293738 0.089539 0.085514
0 0.564761 0.180673 0.082128 0.079713
0 0.405835 0.250023 0.085792 0.079352
0 0.609653 0.051687 0.119181 0.103373
0 0.525763 0.117572 0.088290 0.083460
0 0.460567 0.162329 0.099447 0.095422
0 0.405472 0.137267 0.073024 0.068999
0 0.465978 0.084031 0.082128 0.079713
0 0.044558 0.307456 0.045962 0.056427
0 0.229237 0.032581 0.068111 0.065162