0 0.604755 0.440286 0.060096 0.081731
0 0.930382 0.377786 0.139235 0.206731
0 0.806678 0.381392 0.108173 0.108173
0 0.515813 0.436680 0.064904 0.079327
0 0.412447 0.417449 0.069712 0.093750
0 0.289851 0.405430 0.084135 0.108173
0 0.170861 0.416247 0.115385 0.129808
0 0.223745 0.399420 0.048077 0.091346
0 0.604755 0.108555 0.060096 0.081731
0 0.930382 0.171055 0.139235 0.206731
0 0.806678 0.169853 0.108173 0.108173
0 0.515813 0.114565 0.064904 0.079327
0 0.412447 0.133795 0.069712 0.093750
0 0.289851 0.145815 0.084135 0.108173
0 0.170861 0.132594 0.115385 0.129808
0 0.223745 0.149420 0.048077 0.091346