0 0.354573 0.247456 0.067308 0.084135
0 0.193516 0.243850 0.072115 0.091346
0 0.585343 0.240244 0.072115 0.084135
0 0.064910 0.235437 0.079327 0.093750
0 0.012623 0.269090 0.025247 0.074519
0 0.756016 0.249860 0.057692 0.084135
0 0.733179 0.242648 0.050481 0.079327
0 0.266833 0.281110 0.045673 0.074519
0 0.112987 0.285917 0.036058 0.040865
0 0.320920 0.275100 0.033654 0.057692
0 0.479573 0.241446 0.052885 0.072115
0 0.525247 0.246254 0.043269 0.057692
0 0.686304 0.260677 0.033654 0.048077
0 0.355775 0.000531 0.069712 0.001062
0 0.194718 0.004137 0.074519 0.008273
0 0.586545 0.004137 0.074519 0.008273
0 0.063708 0.008944 0.081731 0.017889
0 0.731977 0.001733 0.052885 0.003465
0 0.480775 0.000531 0.055288 0.001062