0 0.140818 0.524550 0.082040 0.084338
0 0.696073 0.273309 0.073220 0.083559
0 0.333807 0.432203 0.076666 0.080113
0 0.546425 0.327940 0.069118 0.074862
0 0.404036 0.417686 0.070267 0.073714
0 0.467970 0.372915 0.073343 0.080236
0 0.776518 0.235369 0.075517 0.081261
0 0.612287 0.292891 0.074492 0.079087
0 0.232276 0.498692 0.070267 0.073714
0 0.272869 0.463601 0.076543 0.083436
0 0.015102 0.208782 0.030203 0.063621
0 0.186725 0.117522 0.069612 0.061571
0 0.399219 0.024484 0.064115 0.048967
0 0.245674 0.079089 0.057060 0.042126
0 0.318837 0.053886 0.064238 0.057346
0 0.467644 0.011277 0.070514 0.022553
0 0.073914 0.160095 0.057060 0.042126
0 0.122586 0.147771 0.067438 0.060545