0 0.314273 0.480974 0.064523 0.065596
0 0.426761 0.418684 0.044470 0.055196
0 0.147612 0.555708 0.048760 0.050905
0 0.275040 0.485675 0.041078 0.047513
0 0.339888 0.466221 0.032149 0.034294
0 0.448397 0.418311 0.028084 0.035592
0 0.462689 0.414295 0.030229 0.033446
0 0.500139 0.397760 0.039382 0.043672
0 0.565212 0.373618 0.035990 0.035990
0 0.598734 0.350784 0.049608 0.052826
0 0.619885 0.331118 0.041078 0.047513
0 0.214212 0.254353 0.064523 0.065596
0 0.336875 0.215110 0.044470 0.055196
0 0.047551 0.329087 0.048760 0.050905
0 0.185154 0.282100 0.041078 0.047513
0 0.243219 0.247283 0.032149 0.034294
0 0.351728 0.199372 0.028084 0.035592
0 0.364324 0.191516 0.030229 0.033446
0 0.401774 0.174980 0.039382 0.043672
0 0.463455 0.143156 0.035990 0.035990
0 0.502065 0.131846 0.049608 0.052826
0 0.531695 0.131385 0.041078 0.047513