0 0.918269 0.508413 0.081731 0.088942
0 0.826923 0.519231 0.081731 0.081731
0 0.656250 0.562500 0.100962 0.110577
0 0.274038 0.568510 0.115385 0.117788
0 0.128606 0.491587 0.055288 0.060096
0 0.075721 0.468750 0.055288 0.067308
0 0.801683 0.447115 0.055288 0.052885
0 0.179087 0.500000 0.064904 0.076923
0 0.966346 0.484375 0.057692 0.069712
0 0.683894 0.445913 0.045673 0.060096
0 0.592548 0.441106 0.045673 0.050481
0 0.518029 0.433894 0.031250 0.040865
0 0.500000 0.415865 0.024038 0.033654
0 0.455529 0.431490 0.031250 0.045673
0 0.319712 0.425481 0.033654 0.038462
0 0.179087 0.444712 0.036058 0.033654
0 0.236779 0.433894 0.045673 0.045673