0 0.434678 0.530744 0.028289 0.032532
0 0.487012 0.526500 0.039604 0.049505
0 0.543590 0.540645 0.028289 0.038190
0 0.620677 0.538523 0.041019 0.048091
0 0.648966 0.539937 0.024045 0.033947
0 0.694228 0.532158 0.032532 0.049505
0 0.712616 0.541352 0.015559 0.028289
0 0.752927 0.524379 0.042433 0.056578
0 0.773437 0.533572 0.026874 0.041019
0 0.862546 0.557618 0.029703 0.041019
0 0.890835 0.534987 0.029703 0.035361
0 0.931147 0.544888 0.050920 0.055163
0 0.967922 0.542059 0.022631 0.035361
0 0.434678 0.338380 0.028289 0.032532
0 0.487719 0.344037 0.041019 0.046677
0 0.544297 0.334136 0.029703 0.026874
0 0.619970 0.337672 0.042433 0.033947
0 0.648259 0.333429 0.025460 0.025460
0 0.693521 0.341208 0.033947 0.041019
0 0.711908 0.331307 0.016973 0.021217
0 0.753634 0.346866 0.043848 0.052334
0 0.772729 0.338380 0.028289 0.035361
0 0.861839 0.326357 0.031118 0.011316
0 0.890128 0.336258 0.031118 0.031118
0 0.931854 0.336258 0.052334 0.031118
0 0.968629 0.332722 0.024045 0.024046