0 0.380906 0.127301 0.079327 0.079327
0 0.526339 0.142926 0.072115 0.096154
0 0.215041 0.160954 0.098558 0.122596
0 0.605666 0.154945 0.057692 0.072115
0 0.263118 0.151339 0.064904 0.103365
0 0.390522 0.210233 0.084135 0.110577
0 0.680185 0.171772 0.052885 0.067308
0 0.763118 0.166964 0.060096 0.057692
0 0.939801 0.177781 0.038462 0.064904
0 0.844849 0.184993 0.045673 0.064904
0 0.998746 0.186195 0.002507 0.048077
0 0.963839 0.172974 0.028846 0.055288
0 0.547974 0.191003 0.043269 0.062500
0 0.473455 0.152541 0.043269 0.076923