1 0.655486 0.753834 0.065809 0.081478
0 0.133716 0.785171 0.031338 0.062675
0 0.171321 0.816509 0.037605 0.050140
0 0.268467 0.800840 0.056408 0.056408
0 0.417321 0.805541 0.047006 0.047006
0 0.782403 0.807108 0.062675 0.068943
0 0.827842 0.767936 0.053274 0.059541
0 0.696224 0.772636 0.047006 0.056408
0 0.555206 0.769503 0.047006 0.056408
0 0.610046 0.767936 0.043873 0.059541
0 0.456492 0.788305 0.050140 0.050140
0 0.351512 0.793006 0.053274 0.059541
1 0.096111 0.785171 0.031338 0.062675
0 0.058506 0.816509 0.037605 0.050140
0 0.974611 0.807108 0.045971 0.068943
0 0.940657 0.767936 0.053274 0.059541