0 0.306484 0.239021 0.211303 0.219507
0 0.884121 0.473252 0.182421 0.194139
0 0.738832 0.452364 0.111042 0.125105
0 0.504606 0.388990 0.138754 0.151644
0 0.623193 0.416062 0.091210 0.097070
0 0.390238 0.341356 0.056269 0.058613
0 0.441603 0.350560 0.059298 0.065158
0 0.783330 0.287541 0.041485 0.041485
0 0.829728 0.310340 0.042333 0.047020
0 0.878470 0.339520 0.034779 0.041810
0 0.462536 0.242376 0.037122 0.039466
0 0.538494 0.175551 0.033769 0.039628
0 0.563662 0.189848 0.029730 0.030902
0 0.616199 0.202244 0.030740 0.033084
0 0.595799 0.203397 0.030578 0.036437
0 0.579176 0.204975 0.029568 0.034256
0 0.437315 0.013459 0.174108 0.026917
0 0.958549 0.230517 0.082902 0.144974
0 0.882122 0.139901 0.082934 0.060669
0 0.801504 0.248274 0.041485 0.041485
0 0.849921 0.266709 0.042333 0.047020
0 0.902701 0.287164 0.034779 0.041810
0 0.559463 0.032949 0.037122 0.039466
0 0.558687 0.131920 0.033769 0.039628
0 0.585875 0.141855 0.029730 0.030902
0 0.628315 0.176065 0.030740 0.033084
0 0.615992 0.159767 0.030578 0.036437
0 0.607447 0.143892 0.029568 0.034256