0 0.657772 0.316477 0.078163 0.092963
0 0.147266 0.417897 0.085216 0.094466
0 0.336044 0.358004 0.069105 0.082055
0 0.518809 0.344862 0.064249 0.069799
0 0.882856 0.294316 0.068604 0.079704
0 0.383527 0.384752 0.047291 0.063941
0 0.170969 0.390725 0.055693 0.061243
0 0.715392 0.286993 0.035227 0.038927
0 0.757711 0.277974 0.029523 0.033223
0 0.894823 0.252441 0.045132 0.043282
0 0.079299 0.093202 0.076544 0.043244
0 0.273588 0.059170 0.065444 0.054344
0 0.445485 0.009100 0.056579 0.018201
0 0.108263 0.090716 0.054537 0.045286