0 0.471131 0.264284 0.080050 0.079301
0 0.721419 0.530451 0.075835 0.075274
0 0.425377 0.237013 0.087012 0.086076
0 0.670496 0.467636 0.087387 0.085702
0 0.636916 0.383231 0.074930 0.073432
0 0.809276 0.638567 0.092882 0.091196
0 0.379980 0.153873 0.076210 0.074899
0 0.813646 0.594702 0.070715 0.069404
0 0.536697 0.334997 0.072182 0.070684
0 0.565405 0.369386 0.062285 0.061349
0 0.481435 0.295348 0.050577 0.048330
0 0.667116 0.092019 0.051983 0.055167
0 0.904010 0.372454 0.059507 0.061380
0 0.845938 0.313292 0.068124 0.069248
0 0.777782 0.260343 0.074930 0.073432
0 0.979824 0.477183 0.040352 0.068342
0 0.572843 0.006789 0.051078 0.013578
0 0.963316 0.464133 0.070715 0.069404
0 0.731027 0.166760 0.047050 0.049110
0 0.762670 0.198589 0.040088 0.042335