0 0.763928 0.562545 0.087958 0.087042
0 0.714704 0.487857 0.064811 0.072146
0 0.322728 0.301923 0.127621 0.128538
0 0.513182 0.412304 0.063299 0.066049
0 0.400148 0.361400 0.059846 0.064430
0 0.743728 0.522531 0.059846 0.064430
0 0.291007 0.261772 0.069562 0.085148
0 0.444710 0.403362 0.037829 0.043330
0 0.557935 0.444877 0.048784 0.055202
0 0.605736 0.479932 0.079326 0.082993
0 0.598378 0.441728 0.064918 0.069502
0 0.641076 0.494400 0.038746 0.042413
0 0.443427 0.046801 0.096960 0.060287
0 0.399561 0.032548 0.053475 0.047974