0 0.070336 0.483722 0.075380 0.087440
0 0.398991 0.430956 0.063319 0.096486
0 0.478894 0.436987 0.060304 0.078395
0 0.950770 0.479199 0.063319 0.078395
0 0.263308 0.430956 0.063319 0.084425
0 0.136670 0.436987 0.063319 0.084425
0 0.222603 0.524427 0.066334 0.096486
0 0.643221 0.519904 0.063319 0.087440
0 0.831670 0.482215 0.060304 0.078395
0 0.198482 0.438494 0.054273 0.075380
0 0.769859 0.510859 0.063319 0.069349
0 0.073351 0.421911 0.063319 0.078395
0 0.904035 0.498798 0.060304 0.081410
0 0.739707 0.474677 0.045228 0.063319
0 0.682419 0.476184 0.045228 0.066334
0 0.702017 0.424926 0.048243 0.066334
0 0.588948 0.441510 0.057288 0.081410
0 0.537690 0.450555 0.045228 0.063319
0 0.563319 0.516889 0.060304 0.081410
0 0.469848 0.528950 0.066334 0.087440
0 0.332657 0.430956 0.057289 0.066334
0 0.337180 0.500306 0.060304 0.090456