0 0.814078 0.408768 0.101014 0.113587
0 0.098791 0.338952 0.104037 0.116610
0 0.319030 0.342408 0.122172 0.134745
0 0.233320 0.348503 0.067538 0.107770
0 0.949487 0.410788 0.101025 0.148105
0 0.517222 0.373155 0.133500 0.138529
0 0.910862 0.403689 0.103783 0.113841
0 0.367480 0.346853 0.086689 0.136980
0 0.849907 0.029293 0.103529 0.058586
0 0.352560 0.022167 0.122172 0.044333
0 0.269390 0.004628 0.067538 0.009256
0 0.965630 0.051391 0.068739 0.102782
0 0.554168 0.026155 0.135761 0.052310
0 0.945917 0.039275 0.103783 0.078551
0 0.401010 0.024948 0.086689 0.049896