0 0.652023 0.419514 0.040868 0.045581
0 0.362988 0.388631 0.041197 0.051801
0 0.405153 0.393357 0.038314 0.044205
0 0.321998 0.397067 0.042375 0.050623
0 0.534104 0.408287 0.038643 0.050425
0 0.451640 0.398934 0.039756 0.048003
0 0.727317 0.434724 0.038380 0.045449
0 0.591231 0.413180 0.038446 0.046693
0 0.659824 0.260246 0.041059 0.025742
0 0.369473 0.254244 0.042046 0.044403
0 0.411934 0.253371 0.039229 0.038051
0 0.330582 0.246573 0.042698 0.033272
0 0.541445 0.257727 0.038966 0.033075
0 0.459862 0.255282 0.040407 0.036873
0 0.736006 0.258662 0.037979 0.014414
0 0.598769 0.258887 0.038769 0.029343