0 0.395562 0.386491 0.040058 0.054365
0 0.503577 0.392929 0.035766 0.041489
0 0.587270 0.398652 0.048642 0.050073
0 0.679548 0.374331 0.055796 0.070102
0 0.716030 0.404375 0.034336 0.044350
0 0.436336 0.399367 0.021460 0.037197
0 0.747504 0.407236 0.025752 0.032905
0 0.461372 0.410097 0.022891 0.032905
0 0.394847 0.222681 0.041489 0.041489
0 0.504292 0.216243 0.037197 0.028613
0 0.586555 0.215528 0.050073 0.027183
0 0.680263 0.232695 0.057226 0.061518
0 0.715314 0.211236 0.035766 0.018599
0 0.437051 0.211951 0.022891 0.020029
0 0.746789 0.206944 0.027183 0.010015
0 0.460657 0.205513 0.024321 0.007153