0 0.463557 0.130019 0.033004 0.049505
0 0.008370 0.131923 0.016740 0.045697
0 0.369624 0.094476 0.035542 0.044428
0 0.127175 0.111613 0.035542 0.043158
0 0.062438 0.109709 0.035542 0.044428
0 0.159544 0.102727 0.029195 0.043158
0 0.408974 0.109709 0.030465 0.034273
0 0.086556 0.083052 0.030465 0.036812
0 0.408340 0.072897 0.029195 0.031734
0 0.217300 0.117325 0.030465 0.031734
0 0.231263 0.091303 0.027926 0.035542
0 0.192548 0.078609 0.024118 0.030465
0 0.288385 0.090034 0.033003 0.040620
0 0.318215 0.090034 0.026657 0.035542
0 0.368989 0.062107 0.021579 0.030465
0 0.389934 0.145886 0.035542 0.038081