0 0.368778 0.462895 0.062707 0.074276
0 0.612559 0.452724 0.060216 0.071785
0 0.424515 0.474075 0.073111 0.096249
0 0.492581 0.460746 0.060481 0.078992
0 0.145689 0.447048 0.080583 0.103721
0 0.736768 0.428911 0.065197 0.076767
0 0.069119 0.490757 0.097752 0.113949
0 0.359057 0.198651 0.062707 0.074276
0 0.603015 0.193284 0.060216 0.071785
0 0.413910 0.185808 0.073111 0.096249
0 0.482683 0.191697 0.060481 0.078992
0 0.137735 0.230848 0.080583 0.103721
0 0.728638 0.207906 0.065197 0.076767
0 0.058161 0.192882 0.097752 0.113949