0 0.284185 0.504193 0.036997 0.040080
0 0.489980 0.501881 0.029289 0.035455
0 0.791351 0.507277 0.024665 0.027748
0 0.355095 0.513443 0.018498 0.024665
0 0.378218 0.512672 0.018498 0.023123
0 0.414445 0.514213 0.020040 0.023123
0 0.429860 0.511130 0.013874 0.023123
0 0.466086 0.508818 0.021582 0.027748
0 0.548558 0.517297 0.026206 0.029289
0 0.689609 0.512672 0.024665 0.029289
0 0.765915 0.512672 0.023123 0.023123
0 0.719669 0.513443 0.023123 0.024665
0 0.652612 0.503423 0.021582 0.026206
0 0.585555 0.520380 0.020040 0.026206
0 0.600971 0.516526 0.016957 0.027748
0 0.214815 0.513443 0.018498 0.024665
0 0.192463 0.516526 0.023123 0.027748
0 0.309620 0.510360 0.016957 0.027748