0 0.097851 0.347716 0.094623 0.103494
0 0.007528 0.301883 0.015056 0.076881
0 0.763171 0.272313 0.088709 0.094623
0 0.170297 0.287098 0.073924 0.094623
0 0.974730 0.411291 0.050540 0.177419
0 0.937632 0.301883 0.070967 0.070967
0 0.865187 0.332931 0.097580 0.127150
0 0.020834 0.371372 0.041669 0.144892
0 0.482258 0.266399 0.065053 0.070967
0 0.804569 0.328495 0.053226 0.118279
0 0.097851 0.004571 0.094623 0.009142
0 0.007528 0.019356 0.015056 0.038712
0 0.763171 0.038576 0.088709 0.077152
0 0.170297 0.031184 0.073924 0.062368
0 0.937632 0.017877 0.070967 0.035755
0 0.865187 0.017877 0.097580 0.035755
0 0.022313 0.003092 0.044626 0.006185
0 0.482258 0.035755 0.065053 0.070967
0 0.804569 0.016399 0.053226 0.032798