0 0.682630 0.363669 0.040948 0.052414
0 0.632673 0.368582 0.036035 0.049138
0 0.744052 0.362031 0.039310 0.075345
0 0.434483 0.372677 0.036035 0.040948
0 0.780906 0.358755 0.034397 0.072069
0 0.581897 0.379229 0.016379 0.031121
0 0.812845 0.348927 0.052414 0.153966
0 0.601552 0.384962 0.019655 0.032759
0 0.509828 0.381686 0.029483 0.042586
0 0.531940 0.375134 0.021293 0.039310
0 0.474612 0.372677 0.018017 0.031121
0 0.363233 0.388238 0.018017 0.026207
0 0.380431 0.382505 0.016379 0.031121
0 0.683449 0.183496 0.042586 0.049138
0 0.631854 0.180220 0.037673 0.042586
0 0.743233 0.190048 0.040948 0.062241
0 0.433664 0.176125 0.037672 0.034397
0 0.781725 0.190867 0.036035 0.063879
0 0.581078 0.170392 0.018017 0.022931
0 0.812026 0.216255 0.054052 0.114655
0 0.600733 0.167935 0.021293 0.018017
0 0.509009 0.172030 0.031121 0.026207
0 0.532759 0.174487 0.022931 0.031121
0 0.475431 0.173668 0.019655 0.029483
0 0.364051 0.164660 0.019655 0.011466
0 0.379612 0.168754 0.018017 0.019655