0 0.800461 0.365013 0.093193 0.101413
0 0.551344 0.490663 0.109986 0.122904
0 0.720719 0.387280 0.126103 0.135498
0 0.201076 0.635229 0.130301 0.140871
0 0.672467 0.451931 0.090002 0.098223
0 0.367941 0.560807 0.117208 0.134823
0 0.495274 0.512588 0.091519 0.112658
0 0.615727 0.478138 0.081273 0.094191
0 0.028357 0.698327 0.056715 0.129284
0 0.703699 0.155510 0.093193 0.101413
0 0.446518 0.263702 0.109985 0.122904
0 0.636052 0.203965 0.126103 0.135498
0 0.110362 0.438820 0.130301 0.140871
0 0.555546 0.198782 0.090002 0.098223
0 0.275210 0.360034 0.117208 0.134823
0 0.394480 0.294356 0.091519 0.112658
0 0.498806 0.224988 0.081273 0.094191