0 0.635695 0.355010 0.108677 0.111342
0 0.691358 0.408021 0.113346 0.120008
0 0.380026 0.263969 0.101344 0.105341
0 0.273035 0.149280 0.114013 0.122674
0 0.828683 0.522714 0.106679 0.113341
0 0.954006 0.573069 0.091988 0.106007
0 0.505031 0.282321 0.116679 0.123342
0 0.801689 0.470041 0.091344 0.098673
0 0.448363 0.263312 0.066008 0.070671
0 0.340704 0.166958 0.080008 0.083339
0 0.189705 0.092265 0.058009 0.068669
0 0.798739 0.112685 0.077335 0.062678
0 0.676077 0.028668 0.074667 0.057335
0 0.968067 0.222716 0.058668 0.048008