0 0.244969 0.421512 0.046281 0.057453
0 0.363864 0.418320 0.031918 0.047877
0 0.426903 0.433481 0.030322 0.043089
0 0.208264 0.435077 0.027130 0.039898
0 0.334340 0.431087 0.023939 0.038302
0 0.456427 0.436673 0.025535 0.033514
0 0.492335 0.439865 0.023939 0.027130
0 0.291251 0.430289 0.033514 0.036706
0 0.150013 0.441461 0.028726 0.030322
0 0.531435 0.441461 0.025534 0.027130
0 0.588089 0.423108 0.030322 0.038302
0 0.631179 0.437471 0.020747 0.028726
0 0.244171 0.189308 0.047877 0.014363
0 0.364662 0.188510 0.033514 0.012767