0 0.761615 0.586633 0.072115 0.086538
0 0.282047 0.581825 0.069712 0.086538
0 0.592143 0.587835 0.069712 0.079327
0 0.098153 0.601056 0.081731 0.096154
0 0.461134 0.580623 0.057692 0.069712
0 0.885413 0.584229 0.117788 0.125000
0 0.840942 0.564998 0.072115 0.100962
0 0.390220 0.613075 0.050481 0.062500
0 0.761615 0.331825 0.072115 0.086538
0 0.282047 0.336633 0.069712 0.086538
0 0.592143 0.333027 0.069712 0.079327
0 0.099355 0.328219 0.084135 0.079327
0 0.461134 0.340239 0.057692 0.069712
0 0.884211 0.343844 0.120192 0.110577
0 0.840942 0.353460 0.072115 0.100962
0 0.389018 0.313796 0.052885 0.050481