0 0.361955 0.403033 0.103857 0.109141
0 0.539301 0.347778 0.103931 0.118464
0 0.835741 0.237603 0.109631 0.109631
0 0.721293 0.246518 0.127104 0.129746
0 0.194763 0.438589 0.132463 0.133784
0 0.683127 0.363245 0.086874 0.094801
0 0.517049 0.398348 0.072192 0.090689
0 0.055466 0.628882 0.074760 0.078724
0 0.477116 0.440538 0.063136 0.068421
0 0.157807 0.532767 0.080609 0.088536
0 0.132214 0.584695 0.061815 0.069742
0 0.287709 0.533136 0.072608 0.087141
0 0.231760 0.079702 0.080727 0.047698
0 0.083132 0.160906 0.117484 0.092382