0 0.532714 0.410441 0.077923 0.093709
0 0.659138 0.372181 0.073962 0.083829
0 0.233006 0.454601 0.082267 0.092133
0 0.425221 0.408966 0.096918 0.124543
0 0.848180 0.314891 0.109950 0.119816
0 0.933122 0.290899 0.078306 0.082253
0 0.092210 0.391322 0.184420 0.230930
0 0.369132 0.437869 0.066850 0.082636
0 0.694486 0.350411 0.043526 0.067205
0 0.464350 0.013108 0.069959 0.026216
0 0.596920 0.007905 0.069575 0.015810
0 0.166032 0.062440 0.075495 0.038004
0 0.362819 0.044069 0.089748 0.068043
0 0.791144 0.013348 0.107153 0.026697
0 0.879451 0.001246 0.079882 0.002491
0 0.072725 0.158790 0.145449 0.202878
0 0.300370 0.035040 0.059681 0.026136
0 0.635647 0.008274 0.042716 0.016547