0 0.912689 0.366638 0.072314 0.102237
0 0.317968 0.367885 0.084782 0.099744
0 0.561093 0.365391 0.072314 0.094756
0 0.030564 0.351676 0.061128 0.122186
0 0.845362 0.405289 0.117199 0.154603
0 0.106013 0.382846 0.124679 0.149615
0 0.485038 0.385340 0.089769 0.109718
0 0.233186 0.325494 0.109718 0.149615
0 0.713202 0.365391 0.097250 0.134654
0 0.372827 0.364144 0.059846 0.072314
0 0.644628 0.371625 0.049872 0.077301
0 0.030564 0.009391 0.061128 0.018782
0 0.234433 0.029340 0.112211 0.058680
0 0.711955 0.005651 0.099744 0.011301