0 0.239498 0.305775 0.079488 0.079488
0 0.275138 0.327335 0.046026 0.051126
0 0.306484 0.318938 0.037816 0.044616
0 0.382611 0.268681 0.054236 0.057636
1 0.418228 0.271582 0.044948 0.055148
0 0.481316 0.260903 0.043249 0.056848
0 0.505074 0.252049 0.041838 0.043538
0 0.584477 0.223312 0.037194 0.042294
0 0.615140 0.226296 0.036572 0.039972
0 0.676361 0.208651 0.044160 0.044160
0 0.710279 0.214496 0.034872 0.041672
0 0.745730 0.207488 0.034872 0.041672
0 0.840848 0.177029 0.032550 0.041050
0 0.979979 0.111138 0.037816 0.044616
0 0.956220 0.119991 0.028362 0.033462
0 0.161121 0.026476 0.079488 0.052951
0 0.302989 0.000143 0.054236 0.000287