0 0.826923 0.352163 0.105769 0.112981
0 0.133413 0.364183 0.064904 0.088942
0 0.432692 0.342548 0.081731 0.108173
0 0.652644 0.331731 0.093750 0.105769
0 0.259615 0.319712 0.105769 0.134615
0 0.037260 0.344952 0.055288 0.088942
0 0.481971 0.375000 0.040865 0.067308
0 0.378606 0.355769 0.040865 0.067308
0 0.903846 0.372596 0.048077 0.067308
0 0.753606 0.371394 0.031250 0.045673
0 0.972356 0.385817 0.050481 0.069712
0 0.532452 0.377404 0.031250 0.038462
0 0.349760 0.368990 0.040865 0.055288
0 0.580529 0.393029 0.040865 0.050481
0 0.603365 0.353365 0.033654 0.057692
0 0.019231 0.308894 0.028846 0.127404
0 0.825721 0.019231 0.108173 0.038462
0 0.431490 0.022837 0.084135 0.045673
0 0.653846 0.027644 0.096154 0.055288
0 0.258413 0.040865 0.108173 0.081731
0 0.038462 0.016827 0.057692 0.033654
0 0.018029 0.044471 0.031250 0.088942