0 0.054087 0.432692 0.064904 0.081731
0 0.397837 0.486779 0.132212 0.141827
0 0.126202 0.468750 0.074519 0.072115
0 0.296875 0.438702 0.055288 0.064904
0 0.933894 0.423077 0.093750 0.081731
0 0.188702 0.460337 0.088942 0.098558
0 0.731971 0.484375 0.132212 0.141827
0 0.475962 0.382212 0.048077 0.067308
0 0.818510 0.436298 0.084135 0.084135
0 0.948317 0.378606 0.060096 0.055288
0 0.829327 0.364183 0.043269 0.040865
0 0.665865 0.396635 0.028846 0.038462
0 0.570913 0.391827 0.045673 0.048077
0 0.384615 0.412260 0.057692 0.050481
0 0.055288 0.024038 0.067308 0.048077
0 0.298077 0.016827 0.057692 0.033654
0 0.935096 0.028846 0.096154 0.057692
0 0.189904 0.014423 0.091346 0.028846
0 0.475962 0.055288 0.048077 0.067308
0 0.819712 0.022837 0.086538 0.045673
0 0.948317 0.061298 0.060096 0.055288
0 0.829327 0.075721 0.043269 0.040865
0 0.665865 0.040865 0.028846 0.038462
0 0.570913 0.045673 0.045673 0.048077
0 0.384615 0.027644 0.057692 0.050481