0 0.668269 0.375000 0.086538 0.096154
0 0.917067 0.312500 0.098558 0.105769
0 0.046875 0.340144 0.088942 0.117788
0 0.443510 0.343750 0.064904 0.081731
0 0.530048 0.344952 0.050481 0.069712
0 0.716346 0.312500 0.057692 0.072115
0 0.243990 0.324519 0.064904 0.076923
0 0.287260 0.311298 0.045673 0.069712
0 0.490385 0.290865 0.043269 0.072115
0 0.611779 0.311298 0.045673 0.060096
0 0.793269 0.296875 0.048077 0.055288
0 0.665865 0.313702 0.033654 0.045673
0 0.128606 0.312500 0.036058 0.043269
0 0.204327 0.317308 0.033654 0.048077
0 0.918269 0.037260 0.100962 0.074519
0 0.048077 0.026442 0.091346 0.052885
0 0.444712 0.015625 0.067308 0.031250
0 0.531250 0.012019 0.052885 0.024038
0 0.715144 0.028846 0.060096 0.057692
0 0.245192 0.024038 0.067308 0.048077
0 0.288462 0.028846 0.048077 0.057692
0 0.490385 0.040865 0.043269 0.072115
0 0.612981 0.026442 0.048077 0.052885
0 0.793269 0.037260 0.048077 0.055288
0 0.664663 0.021635 0.036058 0.043269
0 0.129808 0.021635 0.038462 0.043269
0 0.203125 0.020433 0.036058 0.040865